70,49
70,48
70,47
70,46
70,45
70,44
70,43
70,42
70,41
70,40
70,39
70,38
70,37
70,36
70,35
0,386
3,2
3,1
3,3
10,103
10,205
10,245
10,121
10,249
10,277
10,189
10,299
10,2
10,3
11,11
11,21
11,13
11,17
11,5
11,15
11,2
11,3
0,398
67,4
67,3
67,2
67,1
67,0
66,3
9,7
66,2
9,5
9,2
66,1
9,3
66,0
65,3
65,2
65,1
65,0
8,7
64,3
8,8
64,2
8,9
64,1
8,13
64,0
8,10
8,14
63,3
8,15
63,2
8,2
63,1
8,3
63,0
62,3
62,2
62,1
62,0
61,5
61,4
61,3
61,2
61,1
61,0
60,3
60,2
60,1
60,0
59,3
59,2
59,1
59,0
58,3
58,2
58,1
58,0
57,4
57,3
57,2
57,1
57,0
56,3
56,2
56,1
56,0
55,3
55,2
55,1
54,3
54,1
53,3
53,1
52,3
52,1
51,3
51,1
50,3
50,1
49,3
